992768018
992768018
993692266
993692266
1007357141
1007357141
1007804571
1007804571
1007804592
1007804592
1007805849
1007805849
1017245935
1017245935
1020988425
1020988425
1024824362
1024824362
1032011110
1032011110
1035111458
1035111459
1035490372
1035490372
1862270976
1862533119
1862533120
1862795263
1862795264
1862860799
1862860800
1862926335
1862926336
1862959103
1862959104
1862991871
1862991872
1866465279
1879048192
1879113727
1879113728
1879130111
1879130112
1879146495
1879146496
1879147519
1879147520
1879148543
1879148544
1879150335
1879150336
1879150591
1879150592
1879179263
1879179264
1879230207
1879230208
1879230463
1879230464
1879244799
1879244800
1879258111
1879258112
1879258367
1879258368
1879310079
1879310080
1879310335
1879310336
1879327487
1879327488
1879327743
1879327744
1879340799
1879340800
1879341055
1879341056
1879357183
1879357184
1879357439
1879357440
1879372799
1879372800
1879373823
1879373824
1879375871
1879375872
1880358911
1880358912
1880424447
1880424448
1883242495
1897005056
1897006591
1897006592
1897006847
1897006848
1897010175
1897010176
1897010431
1897010432
1897015039
1897015040
1897015295
1897015296
1897033215
1897033216
1897033471
1897033472
1897070591
1897865984
1897866239
1919942656
1919949823
1919950080
1919977471
1919977472
1919977727
1919977728
1919987711
1919991296
1920008191
1971322880
1971324927
1971324928
1971519487
1971519488
1971552255
1971552256
1971585023
1971585024
1971609599
1971609600
1971621887
1971621888
1971630079
1971630080
1971650559
1971650560
1971724543
1971724544
1971781631
1971781632
1971817471
1971817472
1971817727
1971817728
1971830783
1971830784
1971847167
1971847168
1971847423
1971847424
1971847679
1971847680
1971847935
1971847936
1971848191
1971848192
1971848447
1971848448
1971848703
1971848704
1971848959
1971848960
1971849215
1971849216
1971849471
1971849472
1971849727
1971849728
1971849983
1971849984
1971850239
1971850240
1971850495
1971850496
1971850751
1971850752
1971851007
1971851008
1971851263
1971851264
1971851519
1971851520
1971851775
1971851776
1971852031
1971852032
1971852287
1971852288
1971852543
1971852544
1971852799
1971852800
1971853055
1971853056
1971853311
1971853312
1971853567
1971853568
1971853823
1971853824
1971854079
1971854080
1971854335
1971854336
1971854591
1971854592
1971854847
1971854848
1971855103
1971855104
1971855359
1971855360
1971914239
1971914240
1971914495
1971914496
1971931647
1971931648
1971931903
1971931904
1971932159
1971932160
1971932415
1971932416
1971937279
1971937280
1971938303
1971938304
1972046079
1972046080
1972046335
1972046336
1972568063
1972633600
1975123967
1975189504
1975517183
2025848832
2025897983
2025897984
2025914367
2025914368
2025924607
2025924608
2025924863
2025924864
2025930751
2025930752
2025947135
2025947136
2025979903
2025979904
2026045439
2026045440
2026061055
2026061056
2026061823
2026061824
2026075647
2026075648
2026075903
2026075904
2026092543
2026092544
2026094591
2026094592
2026106367
2026106368
2026106623
2026106624
2026110975
2026110976
2026176511
2026176512
2026243839
2026243840
2026244095
2026244096
2026307583
2026307584
2026307839
2026307840
2026354175
2026354176
2026354431
2026354432
2026373119
2026373120
2026423807
2026423808
2026424063
2026424064
2026504191
2026504192
2026569727
2026569728
2026594815
2026594816
2026595071
2026595072
2026598399
2026598400
2026601471
2026601472
2026603007
2026603008
2026607359
2026607360
2026616575
2026616576
2026635263
2026635264
2026638730
2026638732
2026700799
2026700800
2028746751
2028746752
2028747775
2028747776
2029015551
2029015552
2029015807
2029015808
2030043135
2059816294
2059816294
2085276418
2085276418
2102276222
2102276222
3032219648
3032222719
3032222720
3032223487
3032223488
3032237567
3032237568
3032237823
3032237824
3032252415
3032323072
3032323327
3032323328
3032324095
3082813440
3087007743
3194355712
3194421247
3395320748
3395320751
3395459509
3395459509
3395644624
3395644639
3396499043
3396499043
3396802053
3396802302
3410952471
3410952471
3411087360
3411091455
3415293952
3415302143
3416047616
3416063999
3524644998
3524644998
3546742784
3546743295
3546743296
3546743551
3546743552
3546743807
3546743808
3546745343
3546745344
3546746111
3546746112
3546746879
3546749184
3546750463
3546750464
3546750975
3546750976
3546751999
3546752000
3546752037
3546752039
3546752767
3546752768
3546753029
3546753031
3546754559
3546754560
3546756095
3546756096
3546756863
3546756864
3546757119
3546757120
3546757375
3546757376
3546757631
3546757632
3546760447
3546760448
3546760703
3546760704
3546762897
3546762898
3546762898
3546762899
3546763007
3546763008
3546763263
3546763264
3546767359
3546767360
3546769170
3546769172
3546769176
3546769408
3546770431
3546770432
3546771455
3546771556
3546771556
3546771712
3546771850
3546771852
3546771967
3546771968
3546773503
3546773504
3546775551
3548905472
3548911615
3548911616
3548930047
3548930048
3548949609
3548949611
3548949929
3548949931
3548952521
3548952523
3548954623
3548954624
3548970419
3548970420
3548970421
3548970422
3548970466
3548970467
3548970467
3548970468
3548971007
3548971008
3548983295
3548983296
3548987135
3548987136
3548987391
3548987392
3548987903
3548987904
3548988159
3548988160
3548989719
3548989800
3548990200
3548990202
3548990605
3548990607
3548990975
3548990976
3548991231
3548991232
3548991487
3548991488
3548992767
3548992768
3548996599
3548996601
3548996607
3548996864
3548996866
3548997120
3548998143
3548998144
3548999679
3548999680
3549003007
3549003008
3549003263
3549003264
3549004543
3549004544
3549004799
3549004800
3549005823
3549005824
3549006335
3549006336
3549007103
3549007104
3549007104
3549007105
3549007106
3549007107
3549007359
3549007360
3549007871
3549007872
3549007897
3549007899
3549015561
3549015563
3549015565
3549015567
3549015569
3549015571
3549015573
3549015583
3549015601
3549015603
3549015613
3549015615
3549015633
3549015635
3549015689
3549015691
3549015713
3549015715
3549015729
3549015731
3549016063
3549016064
3549017087
3549017088
3549017343
3549017344
3549020159
3549020160
3549021439
3549021440
3549021695
3549021696
3549021954
3549021955
3549021955
3549021956
3549022463
3549023232
3549023499
3549023501
3549024255
3549024256
3549024511
3549024512
3549026559
3549026560
3549026815
3549026816
3549027017
3549027019
3549027024
3549027026
3549027037
3549027039
3549027071
3549027072
3549027839
3549027840
3549028095
3549028096
3549028351
3549028352
3549028863
3549028864
3549029119
3549029120
3549029375
3549029376
3549029887
3549029888
3549030143
3549030144
3549030399
3549030400
3549030655
3549030656
3549030911
3549030912
3549031167
3549031168
3549031423
3549031424
3549033218
3549033221
3549033221
3549033224
3549033224
3549033230
3549033231
3549033236
3549033236
3549033241
3549033241
3549033243
3549033243
3549033247
3549033247
3549033251
3549033251
3549033253
3549033253
3549033257
3549033259
3549033264
3549033266
3549033269
3549033275
3549033277
3549033300
3549033302
3549033302
3549033304
3549033313
3549033315
3549033330
3549033332
3549033345
3549033347
3549033354
3549033356
3549033362
3549033364
3549033382
3549033384
3549033392
3549033394
3549033394
3549033396
3549033396
3549033398
3549033471
3549033472
3549033727
3549033728
3549033783
3549033784
3549033784
3549033785
3549033983
3549033984
3549034239
3549034240
3549034495
3549034496
3549034751
3549034752
3549036303
3549036305
3549036543
3549036544
3549037823
3549037824
3549038079
3549038080
3549038335
3549038336
3549038591
3549038592
3549038940
3549038941
3549038941
3549038942
3549039005
3549039007
3549039017
3549039019
3549039021
3549039023
3549039045
3549039047
3549039089
3549039091
3549039103
3549039104
3549040639
3549040640
3549044735
3549044736
3549045247
3549045248
3549045759
3549045760
3549046015
3549046016
3549047039
3549047040
3549047041
3549047043
3549047295
3549047296
3549047551
3549047552
3549048063
3549048064
3549048319
3549048320
3549048831
3549048832
3549050879
3549050880
3549052927
3549052928
3549057023
3549057024
3549057279
3549057280
3549057535
3549057536
3549057791
3549057792
3549058047
3549058048
3549058303
3549058304
3549058559
3549058560
3549058576
3549058578
3549058815
3549058816
3549059071
3549059072
3549059860
3549059862
3549061119
3549061120
3549065215
3549065216
3549070335
3549070336
3549070469
3549070471
3549070591
3549070592
3549070847
3549070848
3549071103
3549071104
3549071141
3549071143
3549071161
3549071163
3549071673
3549071675
3549071871
3549071872
3549072127
3549072128
3549072137
3549072139
3549072305
3549072307
3549072383
3549072384
3549072385
3549072387
3549072540
3549072542
3549072546
3549072548
3549072639
3549072640
3549072895
3549072896
3549072973
3549072975
3549073151
3549073152
3549073407
3549073408
3549073505
3549073507
3549073549
3549073551
3549073609
3549073611
3549074175
3549074176
3549074431
3549074432
3549075967
3549075968
3549076223
3549076224
3549076452
3549076453
3549076454
3549076455
3549076735
3549076736
3549076991
3549076992
3549077247
3549077248
3549077503
3549077504
3549077759
3549077760
3549079295
3549079296
3549079551
3549079552
3549080319
3549080320
3549080324
3549080326
3549080575
3549080576
3549080831
3549080832
3549081087
3549081088
3549081599
3549081600
3549081855
3549081856
3549085439
3549085440
3549085504
3549085505
3549085505
3549085506
3549085695
3549085696
3549089791
3549089792
3549090047
3549090048
3549090213
3549090215
3549090303
3549090304
3549091353
3549091356
3549093769
3549093772
3549093887
3549094144
3549097983
3549097984
3549099573
3549099594
3549099598
3549099600
3549099601
3549099603
3549099638
3549099640
3549099643
3549099645
3549101567
3549101568
3549101823
3549101824
3549102079
3549102080
3549102209
3549102210
3549102210
3549102211
3549102329
3549102330
3549102330
3549102331
3549106175
3549106176
3549108735
3549108736
3549109571
3549109572
3549109573
3549109574
3549110271
3549110272
3549110615
3549110616
3549110616
3549110617
3549110649
3549110652
3549110659
3549110661
3549110738
3549110740
3549110741
3549110743
3549110746
3549110748
3549110783
3549110784
3549110897
3549110899
3549110965
3549110967
3549110979
3549110981
3549111425
3549111427
3549112063
3549112320
3549114367
3549114368
3549114623
3549114624
3549114879
3549114880
3549115135
3549115136
3549117951
3549117952
3549118207
3549118208
3549118463
3549118464
3549121023
3549121024
3549122559
3549122560
3549126655
3549126656
3549129721
3549129727
3549131775
3549131776
3549132937
3549132939
3549133023
3549133032
3549133311
3549133527
3549133527
3549133568
3549133702
3549133704
3549134847
3549134848
3549167615
3549167616
3549174321
3549174323
3549175551
3549175552
3549175807
3549175808
3549181479
3549181496
3549181695
3549181716
3549181727
3549181848
3549181851
3549181852
3549181855
3549181888
3549181889
3549181919
3549181919
3549181952
3549182083
3549182096
3549182103
3549182112
3549182114
3549182116
3549182116
3549182118
3549182118
3549182120
3549182140
3549182142
3549182143
3549182188
3549182339
3549182464
3549182784
3549182786
3549182912
3549182920
3549182975
3549182976
3549191167
3549191168
3549194029
3549194030
3549194030
3549194031
3549194181
3549194183
3549194185
3549194187
3549195519
3549195520
3549197833
3549197835
3549198081
3549198083
3549198181
3549198183
3549198265
3549198267
3549198335
3549198336
3549201663
3549201664
3549202431
3549202432
3549202687
3549202688
3549203205
3549203208
3549203541
3549203543
3549204226
3549204228
3549204278
3549204280
3549205294
3549205296
3549205700
3549205702
3549205813
3549205815
3549206352
3549206354
3549206727
3549206729
3549206783
3549206784
3549207081
3549207083
3549208319
3549208320
3549208575
3549208576
3549208831
3549208832
3549209343
3549209344
3549209345
3549209347
3549209641
3549209643
3549209683
3549209685
3549209717
3549209719
3549209973
3549209975
3549210049
3549210051
3549210111
3549210112
3549210623
3549210624
3549214249
3549214251
3549214257
3549214259
3549215231
3549215232
3549215743
3549215744
3549215999
3549216000
3549216512
3549216513
3549216517
3549216518
3549216767
3549216768
3549216907
3549216908
3549216913
3549216914
3549216953
3549216955
3549219583
3549219584
3549220607
3549220608
3549221119
3549221120
3549221375
3549221376
3549221631
3549221632
3549223423
3549223424
3549223433
3549223436
3549223458
3549223461
3549223479
3549223481
3549223483
3549223485
3549223503
3549223505
3549223523
3549223525
3549223679
3549223680
3549224447
3549224448
3549224703
3549224704
3549224959
3549224960
3549225215
3549225216
3549226495
3549226496
3549226751
3549226752
3549227519
3549227520
3549227775
3549227776
3549228543
3549228544
3549228799
3549228800
3549229567
3549229568
3549229823
3549229824
3549230079
3549230080
3549230335
3549230336
3549231103
3549231104
3549231615
3549231616
3549231871
3549231872
3549232895
3549232896
3549233151
3549233152
3549235199
3549235200
3549241343
3549241344
3549243391
3549243392
3549245439
3549245440
3549246594
3549246597
3549246618
3549246620
3549246625
3549246627
3549246657
3549246660
3549246665
3549246667
3549246682
3549246684
3549246697
3549246699
3549246707
3549246709
3549246913
3549246915
3549246977
3549246980
3549246985
3549246987
3549246993
3549246997
3549247019
3549247021
3549247060
3549247062
3549247062
3549247064
3549247249
3549247252
3549247257
3549247260
3549247267
3549247271
3549247271
3549247273
3549247276
3549247278
3549247281
3549247283
3549247293
3549247295
3549247301
3549247303
3549247304
3549247306
3549247313
3549247315
3549247315
3549247317
3549247321
3549247324
3549247330
3549247332
3549247337
3549247341
3549247345
3549247348
3549247353
3549247356
3549247379
3549247381
3549247385
3549247388
3549247401
3549247403
3549247409
3549247411
3549247413
3549247415
3549247417
3549247419
3549247433
3549247435
3549247473
3549247475
3549247481
3549247483
3549247487
3549247488
3549248511
3549248512
3549249791
3549249792
3549249933
3549249935
3549250134
3549250136
3549250257
3549250267
3549250303
3549250560
3549251071
3549251072
3549251073
3549251075
3549251327
3549251328
3549251338
3549251340
3549251340
3549251344
3549251345
3549251349
3549251350
3549251354
3549251354
3549251356
3549251356
3549251358
3549251358
3549251360
3549251360
3549251363
3549251365
3549251368
3549251368
3549251370
3549251371
3549251373
3549251376
3549251378
3549251379
3549251385
3549251386
3549251388
3549251389
3549251391
3549251392
3549251395
3549251395
3549251397
3549251402
3549251405
3549251406
3549251408
3549251409
3549251412
3549251415
3549251418
3549251418
3549251420
3549251420
3549251426
3549251426
3549251428
3549251428
3549251431
3549251431
3549251433
3549251436
3549251438
3549251438
3549251441
3549251442
3549251444
3549251444
3549251446
3549251448
3549251453
3549251489
3549251491
3549251491
3549251492
3549251492
3549251493
3549251517
3549251519
3549251537
3549251539
3549251595
3549251597
3549251721
3549251723
3549252095
3549252423
3549252453
3549252455
3549252461
3549252463
3549252607
3549252608
3549252637
3549252638
3549252648
3549252649
3549252863
3549252864
3549252929
3549252931
3549252953
3549252956
3549252957
3549252959
3549252961
3549252963
3549252969
3549252971
3549252977
3549252979
3549252981
3549252983
3549252985
3549252989
3549252989
3549252991
3549252993
3549252995
3549252997
3549252999
3549253020
3549253022
3549253025
3549253027
3549253033
3549253035
3549253037
3549253039
3549253041
3549253043
3549253049
3549253051
3549253065
3549253067
3549253073
3549253076
3549253081
3549253084
3549253097
3549253100
3549253119
3549253120
3549253375
3549253376
3549253377
3549253379
3549253381
3549253383
3549253384
3549253386
3549253389
3549253391
3549253397
3549253399
3549253401
3549253403
3549253409
3549253411
3549253417
3549253419
3549253432
3549253434
3549253457
3549253459
3549253493
3549253495
3549253513
3549253515
3549253631
3549253632
3549254143
3549254144
3549256703
3549256704
3549256959
3549256960
3549257471
3549257728
3549258239
3549258240
3549259775
3549259776
3549260543
3549260544
3549260737
3549260740
3549260753
3549260755
3549260757
3549260759
3549260997
3549260999
3549261055
3549261056
3549261169
3549261171
3549261257
3549261259
3549261311
3549261312
3549262079
3549262080
3549263359
3549263360
3549263996
3549263998
3549264383
3549264384
3549264545
3549264547
3549264639
3549264640
3549265919
3549265920
3549267967
3549267968
3549269247
3549269248
3549269729
3549269731
3549269913
3549269915
3549271039
3549271040
3549271361
3549271363
3549271417
3549271419
3549272319
3549272320
3549273343
3549273344
3549274111
3549274112
3549274623
3549274624
3549274832
3549274849
3549274901
3549274903
3549275647
3549275648
3549277183
3549277184
3549277695
3549277696
3549279302
3549279303
3549279487
3549279488
3549280511
3549280512
3549281023
3549281024
3549281791
3549281792
3549282047
3549282048
3549284351
3549284352
3549284482
3549284486
3549285119
3549285120
3549285170
3549285172
3549285209
3549285215
3549285375
3549285376
3549285887
3549285888
3549286113
3549286115
3549286143
3549286144
3549288447
3549288448
3549291519
3549291520
3549293823
3549293824
3549294591
3549294592
3549295871
3549295872
3549296639
3549296640
3549296895
3549296896
3549297919
3549297920
3549298175
3549298176
3549298687
3549298688
3549298943
3549298944
3549299199
3549299200
3549301965
3549301967
3549304650
3549304652
3549304834
3549304836
3549305176
3549305182
3549305213
3549305215
3549305260
3549305262
3549305330
3549305338
3549305521
3549305523
3549305544
3549305546
3549305577
3549305579
3549305634
3549305635
3549305635
3549305636
3549305636
3549305637
3549306299
3549306301
3549306879
3549306880
3549308701
3549308703
3549308737
3549308739
3549308741
3549308743
3549308748
3549308751
3549308753
3549308755
3549308769
3549308771
3549308777
3549308779
3549308812
3549308814
3549308881
3549308883
3549308938
3549308941
3549309260
3549309262
3549309289
3549309291
3549309439
3549309440
3549309581
3549309583
3549309717
3549309719
3549309785
3549309787
3549309849
3549309851
3549309893
3549309895
3549310501
3549310503
3549310973
3549310974
3549310974
3549310975
3549310975
3549310976
3549312445
3549312447
3549312511
3549312512
3549313545
3549313547
3549313605
3549313607
3549313621
3549313623
3549313709
3549313711
3549313713
3549313715
3549313829
3549313831
3549313913
3549313915
3549313973
3549313975
3549314303
3549314304
3549315124
3549315126
3549315185
3549315187
3549315221
3549315223
3549315249
3549315251
3549315485
3549315487
3549315583
3549315584
3549315873
3549315875
3549316033
3549316035
3549316052
3549316057
3549316061
3549316063
3549316095
3549316096
3549316351
3549316352
3549316607
3549316608
3549316635
3549316638
3549316688
3549316690
3549316814
3549316818
3549317119
3549317120
3549317457
3549317459
3549317541
3549317542
3549317542
3549317543
3549317627
3549317629
3549317922
3549317924
3549318177
3549318179
3549318179
3549318181
3549318184
3549318186
3549318189
3549318193
3549318399
3549318400
3549318406
3549318408
3549318410
3549318412
3549318414
3549318416
3549318416
3549318418
3549318420
3549318424
3549318425
3549318427
3549318428
3549318430
3549318655
3549318656
3549318911
3549318912
3549319423
3549319424
3549319697
3549319700
3549319701
3549319703
3549319706
3549319708
3549319988
3549319990
3549320081
3549320083
3549320191
3549320192
3549320449
3549320452
3549320453
3549320455
3549320459
3549320461
3549321061
3549321063
3549321089
3549321091
3549321138
3549321140
3549321532
3549321534
3549321569
3549321571
3549321573
3549321575
3549321604
3549321606
3549321606
3549321608
3549321612
3549321614
3549321620
3549321622
3549321640
3549321642
3549321651
3549321653
3549321657
3549321659
3549321699
3549321701
3549321722
3549321724
3549321727
3549321728
3549322113
3549322115
3549322785
3549322787
3549322824
3549322826
3549322827
3549322829
3549322833
3549322835
3549322836
3549322839
3549322839
3549322840
3549322844
3549322846
3549322852
3549322854
3549323009
3549323011
3549323017
3549323019
3549323021
3549323023
3549323025
3549323027
3549323059
3549323061
3549323061
3549323063
3549323073
3549323076
3549323076
3549323078
3549323078
3549323081
3549323113
3549323115
3549323145
3549323147
3549323217
3549323219
3549323263
3549323264
3549325461
3549325463
3549325567
3549325568
3549326930
3549326935
3549327615
3549327616
3549327805
3549327807
3549328413
3549328415
3549328461
3549328463
3549328469
3549328471
3549328593
3549328595
3549328665
3549328667
3549328692
3549328694
3549328705
3549328710
3549328753
3549328755
3549328895
3549328896
3549330137
3549330139
3549330431
3549330432
3549331455
3549331456
3549331711
3549331712
3549331967
3549331968
3549333247
3549333248
3549333503
3549333504
3549334527
3549334528
3549334541
3549334543
3549335039
3549335040
3549335295
3549335296
3549335551
3549335552
3549336063
3549336064
3549336319
3549336320
3549336355
3549336356
3549336356
3549336357
3549336360
3549336361
3549336361
3549336362
3549336575
3549336576
3549337661
3549337663
3549338111
3549338112
3549338185
3549338188
3549339647
3549339648
3549340671
3549340672
3549340927
3549340928
3549342207
3549342208
3549342613
3549342615
3549342719
3549342720
3549342975
3549342976
3549343743
3549343744
3549343999
3549344000
3549344767
3549344768
3549345023
3549345024
3549345791
3549345792
3549346047
3549346048
3549346815
3549346816
3549347071
3549347072
3549351935
3549351936
3549352447
3549352448
3549352703
3549352704
3549352959
3549352960
3549352987
3549352989
3549353211
3549353213
3549354566
3549354568
3549356543
3549356544
3549357311
3549357312
3549359103
3549359104
3549359276
3549359278
3549359359
3549359360
3549360127
3549360128
3549361151
3549362176
3549363455
3549363456
3549363711
3549363712
3549364223
3549364224
3549364438
3549364440
3549364444
3549364446
3549364479
3549364480
3549365759
3549365760
3549366015
3549366016
3549366271
3549366272
3549367273
3549367275
3549367295
3549367296
3549368319
3549368320
3549368575
3549368576
3549370367
3549370368
3549370623
3549370624
3549370753
3549370755
3549371651
3549371653
3549371736
3549371738
3549371903
3549371904
3549372159
3549372160
3549372415
3549372416
3549373006
3549373007
3549373007
3549373008
3549375231
3549375232
3549376511
3549376512
3549378303
3549378304
3549379071
3549379072
3549379327
3549379328
3549379583
3549379584
3549379839
3549379840
3549379877
3549379879
3549380095
3549380096
3549380607
3549380608
3549382655
3549382656
3549383679
3549383680
3549384191
3549384192
3549387263
3549387264
3549387267
3549387269
3549387317
3549387319
3549387519
3549387520
3549389823
3549389824
3549389829
3549389831
3549390079
3549390080
3549390335
3549390336
3549391359
3549391360
3549392383
3549392384
3549392416
3549392423
3549392776
3549392782
3549393919
3549393920
3549394943
3549394944
3549395711
3549395712
3549397247
3549397248
3549398015
3549398016
3549398783
3549398784
3549399025
3549399027
3549399074
3549399081
3549399683
3549399685
3549399690
3549399692
3549399696
3549399698
3549399736
3549399742
3549399807
3549399808
3549400319
3549400320
3549400425
3549400427
3549400540
3549400542
3549400575
3549400576
3549401087
3549401088
3549401343
3549401344
3549401599
3549401600
3549402367
3549402368
3549402623
3549402624
3549403647
3549403648
3549404671
3549404672
3549404927
3549404928
3549405183
3549405184
3549405439
3549405440
3549405695
3549405696
3549405951
3549405952
3549406207
3549406208
3549407743
3549407744
3549407999
3549408000
3549408255
3549408256
3549409279
3549409280
3549409288
3549409290
3549409791
3549409792
3549410303
3549410304
3549410573
3549410575
3549410597
3549410599
3549410945
3549410947
3549411140
3549411143
3549411327
3549411328
3549412665
3549412667
3549412705
3549412707
3549412801
3549412803
3549412809
3549412811
3549412863
3549412864
3549412871
3549412880
3549413119
3549413120
3549415935
3549415936
3549416191
3549416192
3549416959
3549416960
3549417215
3549417216
3549418239
3549418240
3549418495
3549418496
3549419519
3549419520
3549419775
3549419776
3549421567
3549421568
3549421838
3549421839
3549421839
3549421840
3549422879
3549422881
3549423107
3549423108
3549423108
3549423109
3549424127
3549424128
3549424383
3549424384
3549424704
3549424706
3549425337
3549425339
3549426017
3549426019
3549426431
3549426688
3549426857
3549426859
3549426897
3549426899
3549426917
3549426919
3549427199
3549427200
3549427299
3549427300
3549427300
3549427301
3549427403
3549427404
3549427404
3549427405
3549427525
3549427526
3549427526
3549427527
3549427593
3549427595
3549427711
3549427712
3549427981
3549427983
3549429247
3549429248
3549429503
3549429504
3549429759
3549479872
3549479935
3657709184
3657709191
3658184825
3658184825
3659039158
3659039158
3661343302
3661343302
3661519132
3661519132
3661522185
3661522185
3663157961
3663157961
3663196574
3663196574
3663263972
3663263972
3663855201
3663855201
3670540288
3670541055
3670541056
3670541073
3670541075
3670541089
3670541091
3670541105
3670541107
3670541321
3670541324
3670541567
3670541568
3670542335
3670542336
3670542601
3670542603
3670543359
3670543360
3670543615
3670543616
3670544383
3670544384
3670546431
3670546432
3670546946
3670546948
3670547455
3670547456
3670548479
3670548480
3670549503
3670549504
3670550527
3670550528
3670551377
3670551379
3670551551
3670551552
3670552319
3670552320
3670552575
3670552576
3670553097
3670553099
3670556671
3670556672
3670557695
3670557696
3670557951
3670557952
3670558719
3670558720
3670560767
3670560768
3670561023
3670561024
3670561791
3670561792
3670562047
3670562048
3670562815
3670562816
3670562949
3670562951
3670563071
3670563072
3670563839
3670563840
3670564095
3670564096
3670564863
3670564864
3670565119
3670565120
3670565887
3670565888
3670566143
3670566144
3670566911
3670566912
3670567935
3670567936
3670569215
3670569216
3670569983
3670569984
3670569989
3670569991
3670570253
3670570255
3670571007
3670571008
3670572031
3670572032
3670572374
3670572376
3670572378
3670572380
3670572543
3670572544
3670573055
3670573056
3670573185
3670573187
3670573187
3670573189
3670573195
3670573198
3670573199
3670573201
3670573204
3670573207
3670573207
3670573210
3670573210
3670573212
3670573220
3670573222
3670573222
3670573225
3670573231
3670573234
3670573234
3670573236
3670573248
3670573250
3670573253
3670573255
3670573256
3670573260
3670573260
3670573262
3670573262
3670573269
3670573269
3670573271
3670573271
3670573274
3670573311
3670573312
3670573357
3670573359
3670573823
3670573824
3670574079
3670574080
3670574173
3670574174
3670574174
3670574175
3670574591
3670574592
3670574722
3670574724
3670574748
3670574750
3670574847
3670574848
3670575103
3670575104
3670575615
3670575616
3670575871
3670575872
3670576127
3670576128
3670576276
3670576278
3670576394
3670576402
3670576440
3670576442
3670576639
3670576640
3670576645
3670576647
3670576657
3670576659
3670576697
3670576699
3670576865
3670576867
3670576874
3670576876
3670576913
3670576915
3670577151
3670577152
3670577431
3670577433
3670577663
3670577664
3670577673
3670577675
3670577681
3670577683
3670577684
3670577686
3670577697
3670577699
3670577737
3670577759
3670577765
3670577771
3670577773
3670577779
3670577781
3670577795
3670577801
3670577803
3670577805
3670577811
3670577817
3670577823
3670577825
3670577827
3670577829
3670577838
3670577841
3670577843
3670577849
3670577851
3670577873
3670577875
3670577881
3670577883
3670577893
3670577913
3670578035
3670578037
3670578038
3670578040
3670578040
3670578045
3670578101
3670578103
3670578105
3670578107
3670578173
3670578175
3670578175
3670578176
3670578585
3670578587
3670578676
3670578678
3670578805
3670578807
3670578825
3670578827
3670578895
3670578904
3670578941
3670578943
3670578943
3670578944
3670579009
3670579012
3670579169
3670579171
3670579173
3670579175
3670579193
3670579195
3670579199
3670579200
3670579249
3670579251
3670579251
3670579255
3670579425
3670579427
3670579449
3670579451
3670579455
3670579968
3670580289
3670580291
3670580735
3670580992
3670581247
3670581248
3670582271
3670582272
3670583295
3670583296
3670583557
3670583559
3670583807
3670583808
3670584831
3670584832
3670585855
3670585856
3670586623
3670586624
3670587391
3670587392
3670588159
3670588160
3670588415
3670588416
3670588442
3670588444
3670588927
3670588928
3670588941
3670588943
3670589184
3670589185
3670589185
3670589186
3670589695
3670589696
3670590057
3670590059
3670590463
3670590464
3670590473
3670590475
3670591231
3670591232
3670591743
3670591744
3670592767
3670592768
3670593535
3670593536
3670594303
3670594304
3670595071
3670595072
3670596095
3670596096
3670596351
3670596352
3670597887
3670597888
3670598143
3670598144
3670600191
3670600192
3670600447
3670600448
3670601727
3670601728
3670605823
3670605824
3670607871
3670607872
3670608127
3670608128
3670608216
3670608218
3670608639
3670608640
3670608649
3670608651
3670608721
3670608723
3670608895
3670608896
3670609407
3670609408
3670609663
3670609664
3670609919
3670609920
3670610216
3670610218
3670611105
3670611108
3670613247
3670613248
3670613503
3670613504
3670613759
3670613764
3670614275
3670614276
3670614280
3670614281
3670614977
3670614978
3670614978
3670614979
3670615011
3670615013
3670615017
3670615021
3670616063
3670616064
3670616319
3670616320
3670617343
3670617344
3670617599
3670617600
3670618492
3670618494
3670619153
3670619155
3670619391
3670619392
3670619647
3670619648
3670619903
3670619904
3670620159
3670620160
3670620555
3670620557
3670620559
3670620561
3670620567
3670620569
3670620575
3670620577
3670620579
3670620583
3670620584
3670620586
3670620586
3670620588
3670620590
3670620592
3670620626
3670620628
3670620671
3670620672
3670620927
3670621184
3670621357
3670621359
3670621439
3670621440
3670621698
3670621700
3670621700
3670621701
3670621702
3670621703
3670621706
3670621708
3670621713
3670621715
3670621848
3670621850
3670621961
3670621963
3670621966
3670621968
3670622719
3670623232
3670623743
3670623744
3670623999
3670624000
3670624255
3670624256
3670624321
3670624323
3670625023
3670625024
3670625825
3670625831
3670625992
3670625994
3670626197
3670626199
3670626303
3670626304
3670626369
3670626370
3670626370
3670626371
3670626559
3670626560
3670626560
3670626561
3670626561
3670626562
3670626562
3670626563
3670626638
3670626641
3670626641
3670626643
3670626646
3670626648
3670626818
3670626821
3670626821
3670626825
3670626832
3670626837
3670626841
3670626842
3670626842
3670626843
3670626850
3670626852
3670626862
3670626865
3670626874
3670626876
3670626882
3670626884
3670626894
3670626896
3670626899
3670626901
3670626915
3670626917
3670626920
3670626922
3670626931
3670626933
3670626939
3670626941
3670627071
3670627072
3670627171
3670627175
3670627393
3670627394
3670627394
3670627395
3670627407
3670627409
3670627529
3670627531
3670627839
3670627840
3670627999
3670628001
3670628001
3670628003
3670628019
3670628021
3670628095
3670628352
3670628500
3670628502
3670628545
3670628559
3670628704
3670628706
3670629389
3670629391
3670630399
3670630400
3670630911
3670630912
3670632191
3670632192
3670632447
3670632448
3670632703
3670632704
3670633471
3670633472
3670635007
3670635520
3670636287
3670636288
3670636543
3670636544
3670638079
3670638080
3670638591
3670638592
3670638847
3670638848
3670639103
3670639104
3670639359
3670639360
3670640895
3670640896
3670641151
3670641152
3670641407
3670641408
3670642175
3670642176
3670642687
3670642688
3670643199
3670643200
3670643711
3670643712
3670643967
3670643968
3670644223
3670644224
3670644735
3670644736
3670644991
3670644992
3670645247
3670645248
3670645503
3670645504
3670645759
3670645760
3670646015
3670646016
3670646271
3670646272
3670647039
3670647040
3670647045
3670647046
3670647046
3670647047
3670647295
3670647296
3670648319
3670648320
3670648831
3670648832
3670649343
3670649344
3670651391
3670651392
3670651903
3670651904
3670652159
3670652160
3670652415
3670652416
3670654207
3670654208
3670654463
3670654464
3670654719
3670654720
3670654975
3670654976
3670657023
3670657024
3670660095
3670660096
3670661119
3670661120
3670662399
3670662400
3670662655
3670662656
3670663167
3670663168
3670663679
3670663680
3670664447
3670664704
3670664959
3670664960
3670666239
3670666240
3670667007
3670667008
3670667263
3670667264
3670668543
3670668544
3670669567
3670669568
3670670079
3670670080
3670670335
3670670336
3670671122
3670671124
3670671359
3670671360
3670671519
3670671520
3670671520
3670671521
3670673407
3670673408
3670674431
3670674432
3670674943
3670674944
3670675711
3670675712
3670676735
3670676736
3670676991
3670676992
3670678049
3670678056
3670678056
3670678058
3670678058
3670678062
3670678077
3670678079
3670678527
3670678528
3670679551
3670679552
3670681087
3670681344
3670681599
3670681600
3670682623
3670682624
3670684159
3670684160
3670684415
3670684416
3670684671
3670684672
3670685695
3670685696
3670685951
3670685952
3670686719
3670686720
3670687743
3670687744
3670687999
3670688000
3670688255
3670688256
3670688511
3670688512
3670688767
3670688768
3670689535
3670689536
3670689791
3670689792
3670690047
3670690048
3670690303
3670690304
3670690559
3670690560
3670690815
3670690816
3670691071
3670691072
3670691839
3670691840
3670691905
3670691907
3670692095
3670692096
3670697309
3670697311
3670700543
3670700544
3670700799
3670700800
3670707967
3670707968
3670708223
3670708224
3670708745
3670708747
3670708825
3670708827
3670710837
3670710840
3670711184
3670711186
3670711309
3670711310
3670711310
3670711311
3670715647
3670715648
3670715903
3670715904
3670717439
3670717440
3670717695
3670717696
3670720255
3670720256
3670720260
3670720263
3670720511
3670720512
3670721698
3670721700
3670724095
3670724096
3670724607
3670724608
3670724863
3670724864
3670725119
3670725120
3670727167
3670727168
3670727423
3670727479
3670727479
3670727936
3670728129
3670728131
3670728703
3670728704
3670729215
3670729216
3670729983
3670729984
3670736895
3670736896
3670737926
3670737928
3670753279
3670753280
3670761471
3670761472
3670762239
3670762240
3670764031
3670764032
3670768383
3670768384
3670770687
3670770688
3670771967
3670771968
3670777855
3670777856
3670778879
3670778880
3670780415
3670780416
3670780671
3670780672
3670780927
3670780928
3670781439
3670781440
3670782046
3670782047
3670782047
3670782048
3670782247
3670782248
3670782248
3670782249
3670784255
3670784256
3670784511
3670784512
3670784767
3670784768
3670785279
3670785280
3670785535
3670785536
3670786047
3670786048
3670787071
3670787072
3670787839
3670787840
3670788095
3670788096
3670788607
3670788608
3670788863
3670788864
3670790143
3670790144
3670792191
3670792192
3670794239
3670794240
3670797823
3670797824
3670798335
3670798336
3670798591
3670798592
3670798847
3670798848
3670799103
3670799104
3670799359
3670799360
3670799615
3670799616
3670799871
3670799872
3670800127
3670800128
3670800639
3670800640
3670801151
3670801152
3670801407
3670801408
3670801663
3670801664
3670802431
3670802432
3670803967
3670803968
3670804479
3670804480
3670805503
3670805504
3670809087
3670809088
3670810026
3670810028
3670810623
3670810624
3670811397
3670811399
3670812159
3670812160
3670812199
3670812200
3670812200
3670812201
3670812415
3670812416
3670813183
3670813184
3670813695
3670813696
3670813951
3670813952
3670814207
3670814208
3670814719
3670814720
3670815231
3670815232
3670815476
3670815480
3670816507
3670816511
3670816767
3670816768
3670817535
3670817536
3670817791
3670817792
3670818815
3670818816
3670819877
3670819879
3670819885
3670819887
3670819897
3670819899
3670819970
3670819974
3670820095
3670820096
3670820105
3670820107
3670820181
3670820183
3670820436
3670820438
3670820532
3670820534
3670820627
3670820629
3670820863
3670820864
3670821375
3670821376
3670821631
3670821888
3670822273
3670822278
3670822402
3670822404
3670822911
3670822912
3670823167
3670823168
3670823204
3670823206
3670823238
3670823240
3670823270
3670823272
3670823302
3670823304
3670823423
3670823424
3670823935
3670823936
3670823937
3670823939
3670823945
3670823947
3670823953
3670823955
3670823961
3670823963
3670823977
3670823979
3670823985
3670823987
3670823993
3670823995
3670824039
3670824041
3670824081
3670824083
3670824090
3670824092
3670824191
3670824192
3670824322
3670824324
3670824447
3670824960
3670825215
3670825216
3670825218
3670825220
3670825220
3670825221
3670825221
3670825222
3670825245
3670825247
3670825257
3670825259
3670825331
3670825334
3670825349
3670825350
3670825350
3670825351
3670825353
3670825355
3670825357
3670825359
3670825361
3670825363
3670825477
3670825479
3670825505
3670825507
3670825810
3670825813
3670825828
3670825830
3670825953
3670825955
3670825961
3670825962
3670825962
3670825963
3670825977
3670825979
3670826005
3670826007
3670826009
3670826011
3670826017
3670826019
3670826025
3670826027
3670826029
3670826031
3670826033
3670826035
3670826037
3670826039
3670826124
3670826126
3670826141
3670826143
3670826333
3670826335
3670826449
3670826451
3670826751
3670826752
3670827007
3670827008
3670827263
3670827264
3670827265
3670827267
3670827409
3670827411
3670827417
3670827419
3670827489
3670827491
3670827513
3670827515
3670827573
3670827575
3670827585
3670827587
3670827593
3670827595
3670828799
3670828800
3670829311
3670829312
3670829344
3670829373
3670829425
3670829427
3670829567
3670829568
3670829705
3670829707
3670829823
3670829824
3670830229
3670830231
3670830338
3670830340
3670830345
3670830347
3670830590
3670830592
3670831088
3670831090
3670831103
3670831104
3670831359
3670831360
3670831361
3670831363
3670831369
3670831371
3670831615
3670831616
3670832383
3670832384
3670832445
3670832447
3670832545
3670832547
3670832609
3670832611
3670832629
3670832631
3670832669
3670832671
3670832681
3670832683
3670832729
3670832731
3670832895
3670832896
3670833407
3670833408
3670833465
3670833467
3670833697
3670833699
3670833751
3670833754
3670833755
3670833758
3670833761
3670833763
3670834431
3670834432
3670834802
3670834804
3670834925
3670834926
3670834926
3670834927
3670835455
3670835456
3670835509
3670835511
3670836197
3670836199
3670836217
3670836219
3670836219
3670836221
3670836226
3670836228
3670836617
3670836619
3670837220
3670837222
3670837759
3670837760
3670839295
3670839296
3670839807
3670839808
3670840319
3670840320
3670840705
3670840707
3670840831
3670840832
3670841343
3670841344
3670841855
3670841856
3670842209
3670842211
3670842367
3670842368
3670842623
3670842624
3670842879
3670842880
3670843135
3670843136
3670843391
3670843392
3670845439
3670845440
3670846719
3670846720
3670846975
3670846976
3670847743
3670847744
3670855679
3670855680
3670859775
3670859776
3670860799
3670860800
3670861055
3670861056
3670861311
3670861312
3670861567
3670861568
3670862847
3670862848
3670867967
3670867968
3670868991
3670868992
3670869247
3670869248
3670869503
3670869504
3670871039
3670871040
3670872575
3670872576
3670874111
3670874112
3670874879
3670874880
3670875647
3670875648
3670876415
3670876416
3670876927
3670876928
3670877439
3670877440
3670877695
3670877696
3670877951
3670877952
3670878463
3670878464
3670878975
3670878976
3670879487
3670879488
3670879999
3670880000
3670880255
3670880256
3670880767
3670880768
3670883327
3670883328
3670884095
3670884096
3670884102
3670884104
3670884351
3670884352
3670888447
3670888448
3670892543
3670892544
3670893567
3670893568
3670893823
3670893824
3670894079
3670894080
3670894591
3670894592
3670895103
3670895104
3670895615
3670895616
3670896639
3670896640
3670897663
3670897664
3670898687
3670898688
3670899711
3670899712
3670900223
3670900224
3670900735
3670900736
3670925311
3670925312
3670925823
3670925824
3670926079
3670926080
3670927871
3670927872
3670928127
3670928128
3670929663
3670929664
3670929919
3670929920
3670930175
3670930176
3670930431
3670930432
3670932223
3670932224
3670932479
3670932480
3670933503
3670933504
3670933755
3670933756
3670933756
3670933757
3670934015
3670934016
3670936616
3670936618
3670936621
3670936623
3670937247
3670937249
3670937343
3670937344
3670937599
3670937600
3670941695
3670941696
3670943231
3670943232
3670943487
3670943488
3670943743
3670943744
3670943999
3670944000
3670945535
3670945536
3670949887
3670949888
3670958079
3670958080
3670959018
3670959020
3670960265
3670960267
3670960364
3670960366
3670961151
3670961152
3670961419
3670961421
3670961430
3670961432
3670961432
3670961433
3670961442
3670961443
3670961443
3670961444
3670961465
3670961467
3670961663
3670961664
3670961968
3670961970
3670962202
3670962204
3670962687
3670962688
3670963711
3670963712
3670964433
3670964439
3670964479
3670964480
3670964735
3670964736
3670964769
3670964771
3670965247
3670965248
3670965503
3670965504
3670966592
3670966601
3670966783
3670966784
3670967039
3670967040
3670967299
3670967301
3670967807
3670967808
3670967946
3670967947
3670967947
3670967948
3670968063
3670968064
3670968575
3670968576
3670968600
3670968602
3670968654
3670968656
3670968831
3670968832
3670969329
3670969331
3670969599
3670969600
3670971425
3670971427
3670972361
3670972363
3670972671
3670972672
3670972721
3670972723
3670972953
3670972955
3670973059
3670973061
3670973084
3670973086
3670973327
3670973329
3670974463
3670974464
3670978559
3670978560
3670979583
3670979584
3670982143
3670982144
3670982655
3670982656
3670982981
3670982983
3670985983
3670985984
3670986751
3670986752
3670987775
3670987776
3670988287
3670988288
3670988543
3670988544
3670988799
3670988800
3670989055
3670989056
3670989567
3670989568
3670989823
3670989824
3670990079
3670990080
3670990335
3670990336
3670990591
3670990592
3670992383
3670992384
3670992639
3670992640
3670992895
3670992896
3670993151
3670993152
3670993407
3670993408
3670993663
3670993664
3670994943
3670994944
3670995455
3670995456
3670995711
3670995712
3670996409
3670996411
3670996681
3670996683
3670996689
3670996691
3670998783
3670998784
3670999039
3670999040
3671000319
3671000320
3671000575
3671000576
3671001087
3671001088
3671001343
3671001344
3671002879
3671002880
3671003135
3671003136
3671003647
3671003648
3671003658
3671003660
3671003665
3671003667
3671003668
3671003670
3671003670
3671003672
3671003677
3671003679
3671003684
3671003686
3671003714
3671003716
3671003727
3671003729
3671003731
3671003733
3671003735
3671003739
3671003759
3671003761
3671003764
3671003766
3671003767
3671003770
3671003781
3671003783
3671003787
3671003789
3671003790
3671003793
3671003809
3671003811
3671003811
3671003813
3671003823
3671003825
3671003847
3671003849
3671003852
3671003854
3671003861
3671003863
3671003863
3671003865
3671003869
3671003871
3671003871
3671003873
3671003875
3671003877
3671003893
3671003895
3671003899
3671003901
3671003903
3671003904
3671003907
3671003909
3671003911
3671003913
3671003915
3671003917
3671003921
3671003923
3671003926
3671003928
3671003930
3671003932
3671003933
3671003935
3671003971
3671003973
3671003987
3671003989
3671003989
3671003991
3671003992
3671003994
3671003999
3671004002
3671004004
3671004006
3671004009
3671004011
3671004029
3671004031
3671004044
3671004046
3671004048
3671004050
3671004054
3671004056
3671004056
3671004095
3671004097
3671004099
3671004103
3671004105
3671004105
3671004108
3671004113
3671004115
3671004125
3671004127
3671004129
3671004131
3671004143
3671004145
3671004145
3671004147
3671004154
3671004157
3671004157
3671004159
3671004159
3671004160
3671004356
3671004358
3671004369
3671004371
3671015423
3671015424
3671015679
3671015680
3671015935
3671015936
3671016191
3671016192
3671017471
3671017472
3671017727
3671017728
3671022335
3671022336
3671022591
3671022592
3671023615
3671023616
3671024127
3671024128
3671024639
3671024640
3671025407
3671025408
3671026175
3671026176
3671026431
3671026432
3671031295
3671031296
3671031551
3671031552
3671032831
3671032832
3671033087
3671033088
3671033343
3671033344
3671033855
3671033856
3671034111
3671034112
3671034139
3671034140
3671034140
3671034141
3671034367
3671034368
3671034623
3671034624
3671035903
3671035904
3671036159
3671036160
3671036415
3671036416
3671043327
3671043328
3671049471
3671049472
3671049727
3671049728
3671056383
3671056384
3671056895
3671056896
3671059199
3671059200
3671064575
3683287802
3683287802
3683314463
3683314463
3684524188
3684524188
3702705726
3702705726
3707937413
3707937413
3708641280
3708642106
3708642108
3708642267
3708642269
3708649471
3716284416
3716292607
3716292608
3716296703
3716296704
3716298751
3716298752
3716299401
3716299403
3716300799
3716300800
3716301823
3716301824
3716302335
3716302336
3716302477
3716302483
3716302549
3716302551
3716302847
3716302848
3716303871
3716303872
3716304700
3716304702
3716304769
3716304770
3716304770
3716304771
3716304895
3716304896
3716305919
3716305920
3716306431
3716306432
3716308991
3716308992
3716308993
3716308999
3716309379
3716309381
3716310527
3716310528
3716312319
3716312320
3716312831
3716312832
3716313087
3716313088
3716329471
3716329472
3716330239
3716330240
3716332799
3716332800
3716336383
3716336384
3716337663
3716337664
3716349951
3716349952
3716351999
3716352000
3716352450
3716352457
3716352511
3716352512
3716358655
3716358656
3716358911
3716358912
3716359167
3716359168
3716359697
3716359699
3716359709
3716359711
3716364031
3716364032
3716364917
3716364919
3716364933
3716364935
3716364937
3716364939
3716364941
3716364943
3716365141
3716365143
3716365393
3716365394
3716365394
3716365395
3716365397
3716365398
3716365398
3716365399
3716365525
3716365526
3716365526
3716365527
3716365570
3716365572
3716365583
3716365586
3716365633
3716365635
3716365657
3716365658
3716365658
3716365659
3716365659
3716365660
3716365660
3716365661
3716365661
3716365662
3716365662
3716365663
3716365663
3716365664
3716365664
3716365665
3716365665
3716365666
3716365666
3716365667
3716365667
3716365668
3716365668
3716365669
3716365669
3716365670
3716366335
3716366336
3716372479
3716372480
3716373503
3716373504
3716373759
3716373760
3716374015
3716374016
3716374271
3716374272
3716374527
3716374528
3716375039
3716375040
3716375295
3716375296
3716378561
3716378563
3716382719
3716382720
3716382975
3716382976
3716385791
3716385792
3716386815
3716386816
3716390911
3716390912
3716391423
3716391424
3716392703
3716392704
3716392959
3716392960
3716393727
3716393728
3716393983
3716393984
3716394239
3716394240
3716394495
3716394496
3716395263
3716395264
3716397055
3716397056
3716397567
3716397568
3716397823
3716397824
3716398847
3716398848
3716398977
3716398992
3716399103
3716399104
3716415487
3719299072
3719307263
3719307264
3719319551
3719319552
3719323647
3719323648
3719331839
3719331840
3719333887
3719333888
3719335935
3719335936
3719337983
3719337984
3719340031
3719340032
3719341311
3719341312
3719342079
3719342080
3719344127
3719344128
3719346175
3719346176
3719348223
3719348224
3719350271
3719350272
3719352319
3719352320
3719354367
3719354368
3719355903
3719355904
3719355937
3719355939
3719356159
3719356160
3719356277
3719356279
3719356415
3719356416
3719358463
3719358464
3719360511
3719360512
3719364607
3719364608
3719367679
3719367680
3719368703
3719368704
3719399423
3719399424
3719399679
3719399680
3719430143
3719430144
3719439335
3719439337
3719442687
3719442688
3719442943
3719442944
3719446783
3719446784
3719447295
3719447296
3719453967
3719453969
3719462911
3719462912
3719470079
3719470080
3719470335
3719470336
3719473919
3719473920
3719474175
3719474176
3719475455
3719475456
3719475711
3719475712
3719486207
3719486208
3719486409
3719486411
3719486463
3719486464
3719488255
3719488256
3719488511
3719488512
3719493375
3719493376
3719493631
3719493632
3719495679
3719495680
3719522559
3719522560
3719522815
3719522816
3719528447
3719528448
3719542015
3719542016
3719542271
3719542272
3719561215
3719561216
3719577599
3719577600
3719626751
3719626752
3719643135
3719643136
3719644927
3719644928
3719647231
3719647232
3719659519
3719659520
3719668223
3719668224
3719668479
3719668480
3719687167
3719687168
3719687423
3719687424
3719689215
3719689216
3719689471
3719689472
3719692287
3719692288
3719692821
3719692822
3719692828
3719692829
3719708671
3719708672
3719725055
3719725056
3719823359
3720810470
3720810470
3721022893
3721022893
3721023475
3721023475
3721084010
3721084010
3721122160
3721122160
3721396906
3721396906
3730439091
3730439091
3733561850
3733561850
3733561851
3733561851
3733561852
3733561854
3733631691
3733631691
3738293062
3738293062
3738294546
3738294546
3738648870
3738648870
3740471305
3740471305
3740491668
3740491668